1 150000
2 568921
3 1654
4 22
5 35198841
6 6965569
7 78945655
8 264562666
9 1255558963
10 177855236
11 159468
12 22554854
13 554789
14 36795
15 79566482
16 236
17 781222545
18 1111178
19 956664
20 584451257
21 169994
22 987456321
23 258741236
24 84888512
25 2066669535
26 125548699
27 1745852694
28 2654397
29 764985135
30 246135262
31 88
32 497
33 23 
34 5463977
35 1700
36 18542
37 152
38 270
39 19663
40 541398555
41 75
42 466
43 75444128
44 9562477
45 74125
46 4496845
47 344475122
48 796654
49 1288545230
50 744852152
51 256333
52 396869365
53 15236664
54 754854721
55 8856
56 3023050
57 4036
58 1205896
59 76258463
60 32263
61 9652236
62 1424152
63 98777
64 546200
65 75698555
66 985632
67 9563214
68 74555252
69 452139963
70 752141
71 845566 
72 2369845
73 15477
74 269743222
75 1524552525
76 784562
77 944521
78 15261522
79 17931597
80 152634588
81 1844521
82 15487965
83 1548795623
84 2000000001
85 2000015200
86 1522225485
87 2100000000
88 999999999
89 959999994
90 200054
91 4562154
92 277777777
93 999999954
94 142584
95 22154212
96 125465
97 999854
98 45876985
99 2154655
100 75214523