1 651512
2 26597865
3 22445 
4 215152
5 84655563
6 379456
7 789542122
8 548211
9 187642
10 7741541
11 15852699
12 1555666222
13 2000000007
14 2004512333
15 451252222
16 999999999
17 1546522
18 154854111
19 1643258
20 13654785
21 21322121
22 6666666
23 731652
24 76666644
25 151515511
26 754754852
27 1175411111
28 1542555
29 16497612
30 152421
31 3333
32 44444
33 555555
34 154255
35 79566
36 1421452
37 1414141414
38 75315985
39 12365474
40 17414745
41 754854741
42 96582659
43 15122623
44 32352124
45 74585411
46 1526152696
47 44521455
48 7785444
49 77889665
50 33256325
51 764526548
52 79452584
53 3652455
54 995482
55 44
56 1
57 7
58 5
59 6
60 7
61 8
62 45
63 65855
64 3
65 13
66 15
67 17
68 19
79 119
70 314
71 162359
72 4458
73 567
74 574444
75 19523652
76 74125
77 365236
78 57
89 63
80 99565226
81 645214
82 436152
83 55585212
84 346852
85 195222
86 1922
87 24041915
88 23091993
89 17041996
90 18990706
91 285
92 286528552
93 2000000000
94 2000000010
95 204122222
96 2045255555
97 19658
98 151522451
99 4563
100 45632
101 45456565
102 764852
103 19666666
104 49888888
105 35222222
106 19646555
107 76152222
108 162555555
109 7316528
110 20000056
111 156000
112 155200
113 100625
114 18852130
115 43
116 65229
117 300540
118 7622852
119 1669357
120 200000032